# Final binary optimized QWP structure
# NumPy shape = (11, 11, 31)
# NumPy axis order = (x, y, z)
# NumPy reshape order = C
# Each block below is structure[:, :, z_index].T
# Columns correspond to x index
# Rows correspond to y index
# First row is y_index = 0; last row is y_index = 10

# z_index = 0
0 0 1 1 1 1 0 0 0 1 1
0 0 1 1 1 1 1 1 1 1 0
0 0 1 1 1 1 1 1 1 1 0
0 0 1 1 1 1 1 1 1 1 0
0 0 1 1 1 1 1 1 1 1 0
0 1 1 1 1 1 1 1 1 1 0
1 1 1 0 1 1 1 1 1 1 0
1 1 1 1 1 1 1 1 1 1 1
1 1 1 1 1 1 1 1 1 1 1
1 1 1 1 1 1 1 1 1 1 1
1 1 1 1 1 1 1 1 1 1 0

# z_index = 1
0 0 0 0 1 1 1 0 0 1 0
0 0 0 0 1 1 1 1 1 1 0
0 0 0 0 1 1 1 1 1 1 0
0 0 0 0 1 1 1 1 1 1 0
0 0 0 0 1 1 1 1 1 1 0
0 0 0 0 0 1 1 1 1 1 0
0 0 0 0 1 1 1 1 1 1 0
0 0 0 0 1 1 1 1 1 1 0
0 0 0 0 0 1 1 1 1 1 0
0 0 0 1 1 1 0 1 1 1 0
0 0 0 0 1 1 1 1 1 1 0

# z_index = 2
0 0 0 1 1 1 1 1 1 1 0
0 0 0 0 1 1 0 0 0 1 0
0 0 0 0 0 0 0 0 0 0 0
0 0 0 0 0 0 0 0 0 0 0
0 0 0 0 0 0 0 0 0 0 0
0 0 0 0 0 0 0 0 1 1 0
0 0 0 0 0 1 0 1 1 1 0
0 0 0 0 0 1 0 1 1 1 0
0 0 0 0 0 1 1 1 1 1 0
0 0 0 0 0 1 0 0 0 1 0
0 0 0 0 1 1 1 1 1 1 0

# z_index = 3
0 0 0 1 1 1 1 1 1 1 0
0 0 0 0 1 1 1 1 1 1 0
0 0 0 0 1 1 1 1 1 1 0
0 0 0 0 1 1 0 1 1 1 0
0 0 0 0 1 1 0 1 1 1 0
0 0 0 0 0 1 0 1 1 1 0
0 0 0 0 1 1 1 1 1 1 0
0 0 0 0 1 1 1 1 1 1 0
0 0 0 0 0 1 1 1 1 1 0
0 0 0 0 1 1 0 0 1 1 0
0 0 0 0 1 1 1 1 1 1 0

# z_index = 4
0 0 1 1 1 1 1 1 1 1 0
0 0 0 1 1 1 1 1 1 1 0
0 0 0 1 1 1 1 1 1 1 0
0 0 0 1 1 1 1 1 1 1 0
0 0 1 1 1 1 1 1 1 1 0
0 0 0 1 1 1 1 1 1 1 0
0 0 1 1 1 1 1 1 1 1 0
0 0 0 1 1 1 1 1 1 1 0
0 0 0 1 1 1 1 1 1 1 0
0 0 0 1 1 1 1 1 1 1 0
0 0 0 1 1 1 1 1 1 1 0

# z_index = 5
0 0 1 1 1 1 1 1 1 1 0
0 0 1 1 1 1 1 1 1 1 0
0 0 1 1 1 1 1 1 1 1 0
0 0 0 1 1 1 1 1 1 1 0
0 0 1 1 1 1 1 1 1 1 0
0 0 0 1 1 1 1 1 1 0 0
0 0 1 1 1 1 1 1 1 1 0
0 0 0 1 1 1 1 1 1 1 0
0 0 0 1 1 1 1 1 1 1 0
0 0 0 0 1 1 1 1 1 0 0
0 0 1 1 1 1 1 1 1 1 0

# z_index = 6
0 1 1 1 1 0 1 0 1 0 0
0 1 1 1 1 0 1 1 1 1 0
0 1 1 1 1 1 1 1 1 1 0
0 1 1 1 1 1 0 1 1 1 0
0 1 1 1 1 1 0 1 0 1 0
0 0 1 1 1 1 1 1 1 1 0
0 1 1 1 1 0 1 1 1 1 0
0 1 1 1 1 1 0 1 1 1 0
0 0 1 1 1 1 1 1 1 1 0
0 0 0 0 0 1 1 1 1 0 0
0 1 1 1 1 1 0 0 0 1 0

# z_index = 7
1 1 1 1 1 0 0 0 0 0 0
0 1 1 1 1 0 1 1 1 1 0
0 0 1 1 1 1 1 1 1 1 0
0 0 0 1 1 1 0 1 1 1 0
0 0 0 1 1 1 0 1 1 1 0
0 0 1 1 1 0 1 1 1 1 0
0 0 0 1 1 1 1 1 1 1 0
0 0 0 1 0 1 0 1 1 1 0
0 0 0 1 0 1 0 1 1 1 0
0 0 0 1 1 1 1 1 1 1 0
0 0 1 1 0 0 0 0 0 1 1

# z_index = 8
0 0 1 1 1 1 1 1 1 1 0
0 0 0 1 1 1 1 1 1 1 0
0 0 0 1 1 1 1 1 1 1 0
0 0 0 0 1 1 1 1 1 1 0
0 0 0 1 1 1 1 1 1 1 0
0 0 0 0 1 1 1 1 1 1 0
0 0 0 1 1 1 1 1 1 1 0
0 0 0 1 1 1 1 1 1 1 0
0 0 0 1 1 1 1 1 1 1 0
0 0 0 1 1 1 1 1 1 1 0
0 0 0 1 1 1 1 1 1 1 0

# z_index = 9
0 0 1 1 1 1 1 1 1 1 0
0 0 0 0 1 1 1 1 1 1 0
0 0 0 0 1 1 1 1 1 1 0
0 0 0 0 1 1 1 1 1 1 0
0 0 0 1 1 1 1 1 1 1 0
0 0 0 1 1 1 1 1 1 1 0
0 0 0 1 1 1 1 1 1 1 0
0 0 0 1 1 1 1 1 1 1 0
0 0 0 1 1 1 1 1 1 1 0
0 0 0 1 1 1 1 1 1 1 0
0 0 1 1 1 1 1 1 1 1 0

# z_index = 10
0 0 0 1 1 1 1 1 1 1 0
0 0 0 0 1 1 1 1 1 1 0
0 0 0 0 1 1 1 1 1 1 0
0 0 0 0 1 1 1 1 1 1 0
0 0 0 0 1 1 1 1 1 1 0
0 0 0 1 1 1 1 1 1 1 0
0 0 0 0 1 1 1 1 1 1 0
0 0 0 0 1 1 1 1 1 1 0
0 0 0 1 1 1 1 1 1 1 0
0 0 0 1 1 1 1 1 1 1 0
0 0 1 1 1 1 1 1 1 1 0

# z_index = 11
0 0 1 1 1 1 1 1 1 1 0
0 0 0 1 1 1 1 1 1 1 0
0 0 1 1 1 1 1 1 1 1 0
0 0 1 1 1 1 1 1 1 1 0
0 0 1 1 1 1 1 1 1 1 0
0 0 0 1 1 1 1 1 1 1 0
0 0 0 1 1 1 1 1 1 1 0
0 0 0 1 1 1 1 1 1 1 0
0 0 1 1 1 1 1 1 1 1 0
0 0 0 1 1 1 1 1 1 1 0
0 0 1 1 1 1 1 1 1 1 0

# z_index = 12
0 0 1 1 1 1 1 1 1 1 0
0 0 1 1 1 1 1 1 1 1 0
0 0 1 1 1 1 1 1 1 1 0
0 0 1 1 1 1 1 1 1 1 0
0 0 1 1 1 1 1 1 1 1 0
0 0 1 1 1 1 1 1 1 1 0
0 0 1 1 1 1 1 1 1 1 0
0 0 1 1 1 1 1 1 1 1 0
0 0 1 1 1 1 1 1 1 1 0
0 0 1 1 1 1 1 1 1 1 0
0 0 1 1 1 1 1 1 1 1 0

# z_index = 13
0 1 1 0 0 0 0 0 0 0 0
0 0 1 1 1 0 1 1 1 0 0
0 0 1 1 1 1 1 1 1 1 0
0 0 1 1 1 1 1 1 1 1 0
0 0 1 1 1 1 1 1 1 1 0
0 0 1 1 1 1 1 1 1 1 0
0 0 1 1 1 1 1 1 1 1 0
0 0 1 1 1 1 1 1 1 1 0
0 0 0 1 1 1 1 1 1 1 0
0 0 0 0 1 1 1 1 1 1 0
0 0 1 0 0 0 0 0 0 0 0

# z_index = 14
0 1 1 0 0 0 0 0 0 0 0
0 0 1 1 1 0 1 1 1 1 0
0 0 1 1 1 1 1 1 1 1 0
0 0 1 1 1 1 1 1 1 1 0
0 0 1 1 1 1 1 1 1 1 0
0 0 1 1 1 1 1 1 1 1 0
0 0 1 1 1 1 1 1 1 1 0
0 0 1 1 1 1 1 1 1 1 0
0 0 1 1 1 1 1 1 1 1 0
0 0 0 0 1 1 1 1 1 1 0
0 0 1 1 0 0 0 0 1 1 0

# z_index = 15
0 0 1 1 1 1 1 1 1 1 0
0 0 1 1 1 1 1 1 1 1 0
0 0 1 1 1 1 1 1 1 1 0
0 0 1 1 1 1 1 1 1 1 0
0 0 1 1 1 1 1 1 1 1 0
0 0 1 1 1 1 1 1 1 1 0
0 0 1 1 1 1 1 1 1 1 0
0 0 1 1 1 1 1 1 1 1 0
0 0 0 1 1 1 1 1 1 1 0
0 0 0 1 1 1 1 1 1 1 0
0 0 1 1 1 1 1 1 1 1 0

# z_index = 16
0 0 1 1 1 1 1 1 1 1 0
0 0 1 1 1 1 1 1 1 1 0
0 0 1 1 1 1 1 1 1 1 0
0 0 1 1 1 1 1 1 1 1 0
0 0 1 1 1 1 1 1 1 1 0
0 0 0 1 1 1 1 1 1 1 0
0 0 1 1 1 1 1 1 1 1 0
0 0 1 1 1 1 1 1 1 1 0
0 0 1 1 1 1 1 1 1 1 0
0 0 1 1 1 1 1 1 1 1 0
0 0 1 1 1 1 1 1 1 1 0

# z_index = 17
0 0 1 1 1 1 1 1 1 1 0
0 0 1 1 1 1 1 1 1 1 0
0 0 1 1 1 1 1 1 1 1 0
0 0 1 1 1 1 1 1 1 1 0
0 0 1 1 1 1 1 1 1 1 0
0 0 0 1 1 1 1 1 1 1 0
0 0 1 1 1 1 1 1 1 1 0
0 0 1 1 1 1 1 1 1 1 0
0 0 1 1 1 1 1 1 1 1 0
0 0 1 1 1 1 1 1 1 1 0
0 0 1 1 1 1 1 1 1 1 0

# z_index = 18
0 1 1 1 1 1 1 1 1 1 0
0 0 1 1 1 1 1 1 1 1 0
0 0 1 1 1 1 1 1 1 1 0
0 0 0 1 1 1 1 1 1 1 0
0 0 0 1 1 1 1 1 0 1 0
0 0 0 1 1 1 0 0 0 0 0
0 0 0 1 1 1 1 1 0 1 0
0 0 0 1 1 1 1 1 0 1 0
0 0 1 1 1 1 1 1 0 0 0
0 1 1 1 1 1 1 1 0 0 0
1 1 1 1 1 1 1 1 1 1 0

# z_index = 19
0 0 1 1 1 1 1 1 1 1 0
0 0 1 1 1 1 1 1 1 1 0
0 0 1 1 1 1 1 1 1 1 0
0 0 1 1 1 1 1 1 1 1 0
0 0 1 1 1 1 1 1 1 1 0
0 0 1 1 1 1 1 1 1 1 0
0 1 1 1 1 1 1 1 1 1 0
0 0 1 1 1 1 1 1 1 1 0
0 0 1 1 1 1 1 1 1 1 0
0 0 1 1 1 1 1 1 1 0 0
0 0 1 1 1 1 1 1 1 1 0

# z_index = 20
0 0 1 1 1 0 0 0 1 1 0
0 0 1 1 1 1 1 1 1 1 0
0 0 1 1 1 1 1 1 1 1 0
0 0 1 1 1 1 1 1 1 1 0
0 0 1 1 1 1 1 1 1 1 0
0 0 0 1 1 1 1 1 1 1 0
0 0 1 1 1 1 1 1 1 1 0
0 0 1 1 1 1 1 1 1 1 0
0 0 1 1 1 1 1 1 1 1 0
0 0 1 1 1 1 1 1 1 1 0
0 0 1 1 1 1 1 1 1 1 0

# z_index = 21
0 0 1 1 1 0 0 0 1 1 0
0 0 1 1 1 1 1 1 1 1 0
0 0 1 1 1 1 1 1 1 1 0
0 0 1 1 1 1 1 1 1 1 0
0 0 1 1 1 1 1 1 1 1 0
0 0 1 1 1 1 1 1 1 1 0
0 0 1 1 1 1 1 1 1 1 0
0 0 1 1 1 1 1 1 1 1 0
0 0 0 1 1 1 1 1 1 1 0
0 0 0 1 1 1 1 1 1 1 0
0 0 1 1 0 0 0 0 1 1 0

# z_index = 22
0 0 1 1 1 0 1 1 1 1 0
0 0 1 1 1 1 1 1 1 1 0
0 0 1 1 1 1 1 1 1 1 0
0 0 1 1 1 1 1 1 1 1 0
0 0 1 1 1 1 1 1 1 1 0
0 0 1 1 1 1 1 1 1 1 0
0 0 1 1 1 1 1 1 1 1 0
0 0 0 1 1 1 1 1 1 1 0
0 0 0 1 1 1 1 1 1 1 0
0 0 0 1 1 1 1 1 1 1 0
0 0 1 1 1 1 0 1 1 1 0

# z_index = 23
0 0 1 1 1 1 1 1 1 1 0
0 0 0 1 1 1 1 1 1 1 0
0 0 0 1 1 1 1 1 1 1 0
0 0 0 1 1 1 1 1 1 1 0
0 0 0 1 1 1 1 1 1 1 0
0 0 0 1 1 1 1 1 1 1 0
0 0 0 1 1 1 1 1 1 1 0
0 0 0 1 1 1 1 1 1 1 0
0 0 0 1 1 1 1 1 1 1 0
0 0 0 1 1 1 1 1 1 1 0
0 0 1 1 1 1 1 1 1 1 0

# z_index = 24
0 0 1 1 1 1 1 1 1 1 0
0 0 1 1 1 1 1 1 1 1 0
0 0 1 1 1 1 1 1 1 1 0
0 0 1 1 1 1 1 1 1 1 0
0 0 1 1 1 1 1 1 1 1 0
0 0 1 1 1 1 1 1 1 1 0
0 0 1 1 1 1 1 1 1 1 0
0 0 1 1 1 1 1 1 1 1 0
0 0 1 1 1 1 1 1 1 1 0
0 0 1 1 1 1 1 1 1 1 0
0 0 1 1 1 1 1 1 1 1 0

# z_index = 25
1 1 1 1 1 1 1 1 1 1 1
1 0 1 1 1 1 1 1 1 1 0
0 0 1 1 1 1 1 1 1 1 0
0 0 1 1 1 1 1 1 1 1 0
0 0 1 1 1 1 1 1 1 1 0
0 0 1 1 1 1 1 1 1 1 0
0 0 1 1 1 1 1 1 1 1 0
0 0 1 1 1 1 1 1 1 1 0
1 0 1 1 1 1 1 1 1 1 0
1 1 1 1 1 1 1 1 1 1 1
1 1 1 1 1 1 1 1 1 1 1

# z_index = 26
0 0 1 1 1 1 1 1 1 1 0
0 0 1 1 1 1 1 1 1 1 0
0 0 0 1 1 1 1 1 1 1 0
0 0 0 1 1 1 1 1 1 1 0
0 0 0 1 1 1 1 1 1 1 0
0 0 0 1 1 1 1 1 1 1 0
0 0 0 1 1 1 1 1 1 1 0
0 0 0 1 1 1 1 1 1 1 0
0 0 0 1 1 1 1 1 1 1 0
1 0 1 1 1 1 1 1 1 1 0
0 1 1 1 1 1 1 1 1 1 0

# z_index = 27
0 0 0 1 1 1 1 1 1 1 0
0 0 0 0 1 1 1 1 1 1 0
0 0 0 0 1 1 1 1 1 1 0
0 0 0 0 1 1 1 1 1 1 0
0 0 0 0 1 1 1 1 1 1 0
0 0 0 0 1 1 1 1 1 1 0
0 0 0 1 1 1 1 1 1 1 0
0 0 0 0 1 1 1 1 1 1 0
0 0 0 0 1 1 1 1 1 1 0
0 0 0 1 1 1 1 1 1 1 0
0 0 0 0 1 1 1 1 1 1 0

# z_index = 28
0 0 1 1 1 0 0 0 0 0 0
0 0 0 0 0 0 0 0 1 0 0
0 0 0 0 0 0 0 0 0 0 0
0 0 0 0 0 0 0 0 0 0 0
0 0 0 0 0 0 0 0 1 0 0
0 0 0 0 0 0 0 0 0 1 0
0 0 0 0 0 0 0 0 1 0 0
0 0 0 0 0 0 0 0 1 0 0
0 0 0 0 0 1 0 0 1 0 0
0 0 0 0 0 0 0 0 0 0 0
0 0 0 0 0 0 0 1 1 0 0

# z_index = 29
0 0 1 0 0 0 0 0 0 0 0
0 0 0 0 0 0 0 0 0 0 0
0 0 0 0 0 0 0 0 1 0 0
0 0 0 0 0 0 0 0 0 0 0
0 0 1 1 0 0 0 0 1 0 0
0 0 0 0 0 0 0 0 1 1 0
0 0 1 0 0 0 0 0 1 1 0
0 0 0 0 1 1 1 1 1 1 0
0 0 1 1 1 1 1 1 1 1 0
0 0 0 0 0 0 0 0 0 1 0
0 0 0 0 0 0 0 0 0 0 0

# z_index = 30
0 0 0 1 1 0 0 0 0 0 0
0 0 1 1 1 1 1 1 1 1 0
0 0 1 1 1 1 1 1 1 1 0
0 0 1 1 1 1 1 1 1 1 0
0 0 1 1 1 1 1 1 1 1 0
0 0 1 1 1 1 1 1 1 1 0
0 0 1 1 1 1 1 1 1 1 0
0 0 1 1 1 1 1 1 1 1 0
0 0 1 1 1 1 1 1 1 1 0
0 0 0 0 0 1 1 1 1 1 0
0 0 1 1 0 0 0 0 0 0 0

